901 444
989 17
1051 59
1121 430
600 498
806 426
619 307
329 212
675 347
510 6
738 76
509 333
722 316
888 158
972 120
561 260
103 158
521 193
974 436
108 174
1014 330
91 259
622 417
825 239
167 321
1179 213
390 284
778 231
983 120
763 126
1012 395
609 199
1095 309
144 208
1149 242
533 86
1003 112
901 217
437 79
787 120
604 487
134 239
456 342
714 254
999 403
1157 216
661 346
573 84
252 244
697 259
509 17
1077 214
720 393
1130 329
825 92
733 99
76 250
791 440
641 270
533 337
555 312
560 375
198 296
991 199
975 353
332 236
1001 191
725 150
509 153
692 122
385 110
849 37
92 178
1110 441
697 135
115 497
554 197
1043 176
143 226
494 177
856 454
689 158
743 7
987 67
905 412
218 284
726 439
517 301
1158 379
603 488
1175 163
204 24
429 480
790 422
425 237
419 425
174 176
720 2
959 400
1009 143
332 193
516 163
927 204
355 339
834 196
798 260
372 428
280 61
1100 250
1104 273
12 279
660 396
505 79
193 446
1082 123
1070 409
1008 454
345 304
1045 417
178 144
104 479
439 394
1159 395
319 217
542 135
971 158
879 156
218 120
1042 495
892 289
320 48
10 434
170 189
483 446
176 210
666 19
142 274
382 424
745 112
234 258
427 230
190 359
443 62
989 444
609 260
618 331
152 435
108 336
885 363
121 222
423 334
962 312
383 402
1003 345
82 282
895 455
412 137
209 127
328 75
102 217
1181 177
385 229
267 163
270 274
39 212
99 227
162 394
516 451
81 455
727 45
1193 195
711 356
1081 190
60 367
1197 92
619 141
127 55
458 138
960 430
71 257
344 208
138 217
1147 150
471 373
717 188
88 109
710 257
891 126
441 230
424 221
722 165
198 459
638 438
350 339
0 122
415 68
369 254
1044 376
567 178
67 361
1194 167
344 84
1043 265
737 204
389 65
395 184
48 466
1133 227
467 374
755 342
563 212
574 35
74 100
202 85
657 442
416 244
608 190
797 410
501 135
1155 306
148 275
1086 252
463 483
1050 278
150 379
1155 17
800 488
220 66
442 388
516 151
655 294
358 393
1113 26
833 188
775 99
1048 497
895 407
90 278
358 163
371 22
1054 472
372 0
1135 198
722 346
714 71
539 310
41 169
334 492
715 179
186 249
190 81
183 384
302 15
149 345
302 200
386 418
132 215
1184 281
1033 405
246 138
321 68
101 191
104 124
446 269
382 425
1074 317
917 320
298 119
1128 385
488 465
1102 280
750 231
431 62
350 318
934 26
961 251
88 269
956 421
340 139
735 33
539 275
896 313
930 177
24 166
789 42
316 311
207 371
1151 43
952 46
342 262
1149 401
1100 71
390 368
598 484
580 474
538 367
1066 211
732 84
13 400
1161 302